width 7
height 5
(0.0, 0.2, 0.0)	(0.0, 0.0, 0.0)	0	
(0.0, 0.2, 1.0)	(0.0, 0.0, 0.0)	0	
(0.0, 0.2, 2.0)	(0.0, 0.0, 0.0)	3	
(0.0, 0.2, 3.0)	(0.0, 0.0, 0.0)	0	
(0.0, 0.2, 4.0)	(0.0, 0.0, 0.0)	0	
(1.0, 0.2, 0.0)	(0.0, 0.0, 0.0)	0	
(1.0, 0.2, 1.0)	(0.0, 0.0, 0.0)	0	
(1.0, 0.2, 2.0)	(0.0, 0.0, 0.0)	1	
(1.0, 0.2, 3.0)	(0.0, 0.0, 0.0)	0	
(1.0, 0.2, 4.0)	(0.0, 0.0, 0.0)	0	
(2.0, 0.2, 0.0)	(0.0, 0.0, 0.0)	0	
(2.0, 0.2, 1.0)	(0.0, 0.0, 0.0)	0	
(2.0, 0.2, 2.0)	(0.0, 0.0, 0.0)	2	
(2.0, 0.2, 3.0)	(0.0, 90.0, 0.0)	1	
(2.0, 0.2, 4.0)	(0.0, 180.0, 0.0)	2	
(3.0, 0.2, 0.0)	(0.0, 90.0, 0.0)	2	
(3.0, 0.2, 1.0)	(0.0, 90.0, 0.0)	1	
(3.0, 0.2, 2.0)	(0.0, 180.0, 0.0)	2	
(3.0, 0.2, 3.0)	(0.0, 0.0, 0.0)	0	
(3.0, 0.2, 4.0)	(0.0, 0.0, 0.0)	1	
(4.0, 0.2, 0.0)	(0.0, 0.0, 0.0)	1	
(4.0, 0.2, 1.0)	(0.0, 0.0, 0.0)	0	
(4.0, 0.2, 2.0)	(0.0, 0.0, 0.0)	1	
(4.0, 0.2, 3.0)	(0.0, 0.0, 0.0)	0	
(4.0, 0.2, 4.0)	(0.0, 0.0, 0.0)	1	
(5.0, 0.2, 0.0)	(0.0, 0.0, 0.0)	1	
(5.0, 0.2, 1.0)	(0.0, 0.0, 0.0)	0	
(5.0, 0.2, 2.0)	(0.0, 0.0, 0.0)	1	
(5.0, 0.2, 3.0)	(0.0, 0.0, 0.0)	0	
(5.0, 0.2, 4.0)	(0.0, 0.0, 0.0)	1	
(6.0, 0.2, 0.0)	(0.0, 0.0, 0.0)	4	
(6.0, 0.2, 1.0)	(0.0, 0.0, 0.0)	0	
(6.0, 0.2, 2.0)	(0.0, 0.0, 0.0)	2	
(6.0, 0.2, 3.0)	(0.0, 90.0, 0.0)	1	
(6.0, 0.2, 4.0)	(0.0, 270.0, 0.0)	2	
PathCount 8
0	2
2	2
2	4
6	4
6	2
3	2
3	0
6	0
